30

000 00110000 931. 0000000000 00 00 00οἰ00 0ιο 00οε §Dic 000001000301906. 000
00110010 907. 0000 301908. - 000000, 00 001000 000000 01000000 00 01000
940 - 1. 00 0000000 00 00001000 0000, 000 0000000 000011 942. -· 00000 00011000
000, 00000. 000 000, 00100100οἳ0. 0100101 907. - 929. - 01001010 000 001 010001. 000
00000 898. - 00010000, 0010, 00010οι 000 000001 900. - 0000, 00001ᾶο 000ᾱο0 00 bem 211:
101000 910. - 000008 0000000100 0000000, 010000 000 000010· 000 0000. (1. 0001) 947.
- (0000), 000000 00 0011010001 in 00 1100000οἰ100 948. ·— 00 0100, 000110110οε 01000οε
1000 905. - 0100ιο, ‘Die 0000000 00100010000000000 01000 0. 0. 3. 0000 946. - 000000
00, 010010οε 0100100924-6, - 000 0000, ut 000 0000110 936 - 8. - 0000, 00100100
im 00οε 909. - 0010000001, 00 00000 00 0000100ῐο0 000004 922. - 0101000000, 1000
0000110100. 0100000010. 000 00000 899. - 00οἰ0010 00001, 00010. 010 01000000
945. - 0001100110, 00100 949 - Ille, 00 1000000 00 0010000000 1000· 0000000, 000 0οε
000. 2. 0001 943. - 0. 0000, 11001 0110000 00001οι00 856. — 00. 001110, 11000 imi:
000 957. -

0) 000 00 0000 01000 (0101101000 0000001000 0100000001). 010010, 0000000000
84. - 001001, 1000000001 011000 80. - 00100, 0001ἱο1000 000· 01110 79. - 011000οε0000,
00 (0000 4400. -- 0000000. 010001ῐο0 0000000100 860. -·- 0110, 0000101000 38; 001000 010
000000 3 000. 64-66. - 010, 0010000οι· 83. - 0000000000 0000000001 87. - 00000,
0100000100 84. - 00000, 00 000 0010000100» 0000000 Ι. 35. - 011000, (000 000
000 00001οι0ος 801010 0100 00000 00 0000000 00 001000 01001000 000 0000000οε
00 73 - 78. -

0100 10000100 00001 00 00 0011000, 00· 0011οε0000)ἰὶοε 1100 1870 -- 71. 67.

3. 001100011000101010400, 0000101000 Dr. 00οι0001, 00000 000 0000000 000000
0οτ0 00100 (00 000 101· 00000000 0000 00 011000 00 01000οι010οα00ιο 000 18. 000000
(110 0100).

4. 000 000 0000101ῐο·00110101001ῐο0411οε0 0001000001 0010οι 0000οῑ a. 0000000100οῑ
1) 000 0001 (0010000010000000 010 00001οε00000 000 0110010000 001 000000 001·
’ 000το 00 00110000 00 000110 00το 000 0000. 2) 000 000 00000 000000 010 0000οε
00010 00000. b) 0000 0010οῑ 45 00000010, 00001000 0000000, 000 01000. 00104, gest:
1000 010 populare 000οι000. 3000. 1870.

—-—..----—

111. 0111001000 01 00 0000000 00 0000000 0000010
000ιο0101009.

21. 01011 1876. 00 000 0. 13. 01001 000 000 1100000000 0001000 00000000 00010000
0010010000 (Surio (10 00 0001000 00001000) 000 0010000.

23. 31001876. 0010001000 00 000 ,0000 0000010010 0010 000 5. 000 un 00 00001. 000οε
rung& 0000000000 0010οι000000ῆο 010010001000010 000 00 in 1000 00000 000
000000 01000000 bet 0000.0110εο010010ῐο 00 0010000000 001010 00 0000000 0000
000 00000000.

8. guli 1876. 0011001000 000 0011000000 00 0010 0000100 00· 000100οι 0. 0100100ιο010
10 0000 00 1000000000010000010000 000 1000100000 00 00 nubere, 10 0000

 

